20 0.75 0.9 1.0 0.95
20 0.75 0.9 1.0 1.0
20 0.55 0.8 0.9 1.0
20 0.8 1.0 1.0 1.0
20 0.9 1.0 1.0 1.0
20 0.9 1.0 1.0 1.0
20 0.85 1.0 1.0 1.0
20 0.95 1.0 1.0 1.0
20 1.0 1.0 1.0 1.0
20 1.0 1.0 1.0 1.0
20 0.8 1.0 1.0 1.0
20 0.9 1.0 0.95 1.0
20 0.8 0.95 1.0 1.0
20 0.75 1.0 1.0 1.0
20 0.9 1.0 1.0 1.0
20 0.9 1.0 1.0 1.0
20 0.85 1.0 1.0 1.0
20 0.75 0.9 0.9 0.95
20 0.9 0.95 0.95 1.0
20 0.95 0.95 1.0 0.95
20 1.0 0.95 0.9 0.9
20 0.95 1.0 1.0 1.0
20 0.75 1.0 1.0 1.0
20 0.75 1.0 1.0 1.0
20 0.9 1.0 1.0 1.0
20 0.85 1.0 1.0 1.0
20 1.0 1.0 1.0 1.0
20 1.0 1.0 1.0 1.0
20 0.95 1.0 1.0 1.0
20 0.85 1.0 1.0 1.0
20 0.9 1.0 1.0 1.0
20 0.8 1.0 1.0 1.0
20 0.8 1.0 1.0 1.0
20 0.6 1.0 1.0 1.0
20 0.8 1.0 1.0 1.0
20 0.85 1.0 1.0 1.0
20 1.0 1.0 1.0 1.0
20 0.9 0.9 1.0 1.0
20 0.7 1.0 1.0 1.0
20 0.9 1.0 1.0 1.0
20 0.7 1.0 1.0 1.0
20 0.65 0.95 1.0 1.0
20 0.8 1.0 1.0 1.0
20 0.9 1.0 1.0 1.0
20 0.7 1.0 1.0 1.0
20 0.7 1.0 1.0 1.0
20 1.0 1.0 1.0 1.0
20 0.9 1.0 1.0 1.0
20 1.0 1.0 1.0 1.0
20 1.0 1.0 1.0 1.0
20 1.0 1.0 1.0 1.0
20 0.95 1.0 1.0 1.0
20 1.0 1.0 1.0 1.0
20 0.9 1.0 1.0 1.0
20 0.95 1.0 1.0 1.0
20 0.85 1.0 1.0 1.0
20 0.65 1.0 1.0 1.0
20 0.9 1.0 1.0 1.0
20 0.9 1.0 1.0 1.0
20 0.9 1.0 1.0 1.0
20 0.9 1.0 1.0 1.0
20 0.95 1.0 1.0 1.0
20 1.0 1.0 1.0 1.0
20 0.9 1.0 1.0 1.0
20 1.0 1.0 1.0 1.0
20 1.0 1.0 1.0 1.0
20 0.95 1.0 1.0 1.0
20 0.95 1.0 1.0 1.0
20 1.0 1.0 1.0 1.0
20 0.95 1.0 1.0 1.0
20 0.95 1.0 1.0 1.0
20 1.0 1.0 1.0 1.0
20 0.9 1.0 1.0 1.0
20 0.95 1.0 1.0 1.0
20 0.95 1.0 1.0 1.0
20 0.95 1.0 1.0 1.0
