31 0.0 0.0 0.06451612903225806 0.0967741935483871
21 0.0 0.0 0.09523809523809523 0.14285714285714285
20 0.0 0.0 0.15 0.2
22 0.0 0.045454545454545456 0.18181818181818182 0.18181818181818182
21 0.0 0.23809523809523808 0.3333333333333333 0.5714285714285714
20 0.0 0.2 0.35 0.3
20 0.0 0.15 0.2 0.35
29 0.0 0.0 0.10344827586206896 0.13793103448275862
20 0.0 0.1 0.15 0.35
23 0.17391304347826086 0.30434782608695654 0.2608695652173913 0.6956521739130435
31 0.03225806451612903 0.0967741935483871 0.12903225806451613 0.1935483870967742
21 0.0 0.047619047619047616 0.19047619047619047 0.14285714285714285
21 0.0 0.047619047619047616 0.23809523809523808 0.23809523809523808
20 0.0 0.05 0.1 0.3
20 0.0 0.05 0.2 0.3
21 0.047619047619047616 0.09523809523809523 0.09523809523809523 0.14285714285714285
29 0.0 0.06896551724137931 0.13793103448275862 0.13793103448275862
20 0.0 0.1 0.55 0.7
20 0.0 0.2 0.05 0.45
23 0.0 0.0 0.21739130434782608 0.2608695652173913
26 0.0 0.11538461538461539 0.2692307692307692 0.4230769230769231
22 0.0 0.0 0.22727272727272727 0.36363636363636365
20 0.0 0.1 0.2 0.55
23 0.0 0.043478260869565216 0.043478260869565216 0.17391304347826086
20 0.0 0.05 0.1 0.3
37 0.0 0.05405405405405406 0.08108108108108109 0.1891891891891892
32 0.0 0.03125 0.0625 0.0625
20 0.0 0.0 0.05 0.15
21 0.0 0.0 0.047619047619047616 0.2857142857142857
30 0.0 0.0 0.06666666666666667 0.16666666666666666
20 0.0 0.0 0.2 0.15
20 0.0 0.05 0.0 0.35
20 0.0 0.0 0.3 0.15
35 0.0 0.0 0.0 0.02857142857142857
42 0.0 0.0 0.0 0.023809523809523808
21 0.0 0.0 0.047619047619047616 0.19047619047619047
28 0.0 0.0 0.0 0.17857142857142858
22 0.0 0.0 0.13636363636363635 0.3181818181818182
20 0.0 0.0 0.25 0.35
21 0.0 0.0 0.09523809523809523 0.42857142857142855
21 0.0 0.0 0.047619047619047616 0.23809523809523808
21 0.0 0.0 0.047619047619047616 0.3333333333333333
20 0.0 0.0 0.35 0.45
22 0.0 0.0 0.22727272727272727 0.5454545454545454
20 0.0 0.0 0.35 0.65
21 0.0 0.19047619047619047 0.38095238095238093 0.6190476190476191
20 0.0 0.1 0.1 0.5
20 0.0 0.0 0.4 0.65
20 0.0 0.1 0.75 0.95
20 0.0 0.2 0.85 1.0
20 0.0 0.05 0.75 0.9
20 0.25 0.6 0.4 1.0
20 0.0 0.7 0.3 1.0
20 0.0 0.55 0.6 0.95
20 0.0 0.4 0.55 0.95
20 0.0 0.25 0.7 1.0
20 0.0 0.1 0.8 1.0
20 0.0 0.15 0.7 0.95
20 0.0 0.2 0.8 1.0
20 0.0 0.25 0.75 1.0
20 0.0 0.25 0.6 1.0
20 0.0 0.35 0.7 1.0
20 0.0 0.15 0.75 0.95
20 0.0 0.0 0.8 0.95
20 0.0 0.0 0.65 0.9
20 0.0 0.2 0.75 1.0
