21 0.0 0.14285714285714285 0.0 0.5238095238095238
21 0.0 0.23809523809523808 0.0 0.6666666666666666
20 0.25 0.4 0.1 0.8
20 0.0 0.2 0.1 0.65
20 0.0 0.15 0.2 0.75
20 0.1 0.4 0.2 0.75
20 0.2 0.45 0.1 0.85
20 0.15 0.45 0.25 0.8
20 0.1 0.15 0.1 0.65
20 0.0 0.05 0.15 0.3
21 0.0 0.047619047619047616 0.047619047619047616 0.3333333333333333
21 0.0 0.047619047619047616 0.14285714285714285 0.3333333333333333
20 0.05 0.15 0.05 0.6
20 0.1 0.05 0.2 0.7
21 0.047619047619047616 0.14285714285714285 0.047619047619047616 0.47619047619047616
20 0.0 0.1 0.1 0.35
20 0.05 0.25 0.1 0.75
21 0.0 0.23809523809523808 0.19047619047619047 0.5714285714285714
20 0.2 0.45 0.25 0.75
20 0.0 0.45 0.1 1.0
20 0.0 0.2 0.2 0.9
20 0.0 0.4 0.2 0.9
21 0.047619047619047616 0.47619047619047616 0.2857142857142857 0.8095238095238095
20 0.15 0.3 0.15 0.95
20 0.45 0.8 0.9 1.0
20 0.5 0.85 0.75 1.0
20 0.45 0.7 0.75 1.0
20 0.4 0.75 0.75 1.0
20 0.45 0.9 0.55 1.0
20 0.5 0.7 0.6 1.0
20 0.2 0.65 0.5 1.0
20 0.3 0.65 0.7 0.95
20 0.3 0.9 0.55 1.0
20 0.0 0.35 0.4 1.0
20 0.45 0.85 0.9 1.0
20 0.65 0.8 0.9 1.0
20 0.5 0.85 0.7 1.0
20 0.45 0.8 0.7 1.0
20 0.6 0.85 0.95 1.0
20 0.7 0.9 0.95 1.0
20 0.4 0.9 0.9 1.0
20 0.6 0.8 0.85 1.0
20 0.55 1.0 1.0 1.0
20 0.7 1.0 0.8 1.0
20 0.25 0.5 0.6 1.0
20 0.75 0.95 1.0 1.0
20 0.65 0.9 1.0 1.0
20 0.45 0.9 1.0 1.0
20 0.8 1.0 1.0 1.0
20 0.75 1.0 1.0 1.0
20 0.8 0.9 1.0 1.0
20 0.95 0.9 1.0 1.0
20 0.65 0.9 1.0 1.0
20 0.8 1.0 1.0 1.0
20 0.8 0.9 1.0 1.0
20 0.8 0.95 1.0 0.9
20 0.6 0.95 1.0 1.0
20 0.95 1.0 1.0 1.0
20 0.55 0.9 0.95 1.0
20 0.65 0.85 1.0 1.0
20 0.75 0.95 1.0 1.0
20 0.8 1.0 1.0 1.0
20 0.75 0.95 1.0 1.0
20 0.6 0.9 0.95 0.95
20 0.8 1.0 0.95 0.95
20 0.8 0.9 0.95 1.0
20 0.8 0.95 1.0 1.0
20 0.85 0.95 1.0 1.0
20 0.85 1.0 0.95 1.0
20 0.55 0.9 1.0 1.0
20 0.75 0.95 1.0 1.0
20 0.65 1.0 0.95 1.0
20 0.65 0.95 0.95 1.0
20 0.55 0.9 1.0 1.0
20 0.55 0.9 1.0 0.95
