20 0.8 0.8 0.85 0.75
20 1.0 1.0 1.0 1.0
20 1.0 1.0 1.0 0.95
20 1.0 1.0 1.0 1.0
20 1.0 1.0 1.0 0.95
20 1.0 1.0 1.0 1.0
20 1.0 1.0 1.0 1.0
20 1.0 1.0 1.0 1.0
21 0.9047619047619048 0.8095238095238095 0.7142857142857143 0.6666666666666666
20 0.8 0.85 0.9 1.0
20 1.0 1.0 1.0 1.0
20 1.0 1.0 1.0 1.0
20 1.0 1.0 1.0 1.0
20 1.0 1.0 1.0 1.0
20 1.0 1.0 1.0 1.0
20 1.0 1.0 1.0 1.0
20 1.0 1.0 1.0 1.0
20 1.0 1.0 1.0 0.95
20 1.0 1.0 1.0 0.95
20 1.0 1.0 1.0 1.0
20 1.0 1.0 0.95 1.0
20 1.0 1.0 1.0 1.0
20 1.0 1.0 1.0 1.0
20 1.0 1.0 1.0 1.0
20 1.0 1.0 1.0 1.0
20 1.0 1.0 1.0 1.0
20 1.0 1.0 1.0 1.0
20 1.0 1.0 1.0 1.0
20 1.0 1.0 1.0 1.0
20 1.0 1.0 1.0 1.0
20 1.0 1.0 1.0 1.0
20 0.9 1.0 1.0 1.0
20 1.0 0.95 1.0 1.0
20 1.0 1.0 1.0 1.0
20 1.0 1.0 0.95 1.0
20 1.0 1.0 1.0 1.0
20 1.0 1.0 1.0 1.0
20 1.0 1.0 1.0 1.0
20 1.0 1.0 1.0 1.0
20 1.0 1.0 1.0 1.0
20 1.0 0.95 1.0 1.0
20 1.0 1.0 1.0 1.0
20 1.0 1.0 1.0 1.0
20 1.0 1.0 1.0 1.0
20 1.0 1.0 1.0 1.0
20 1.0 1.0 1.0 1.0
20 1.0 1.0 1.0 1.0
20 1.0 1.0 1.0 1.0
20 1.0 1.0 1.0 1.0
20 1.0 1.0 1.0 1.0
20 1.0 1.0 1.0 1.0
20 0.35 0.6 0.9 1.0
20 0.35 0.75 0.8 0.85
20 0.25 0.75 0.7 0.75
21 0.19047619047619047 0.5714285714285714 0.8571428571428571 0.8095238095238095
20 0.4 0.75 0.75 0.8
20 0.45 0.7 0.85 0.85
20 0.35 0.55 0.8 0.95
21 0.3333333333333333 0.5714285714285714 0.7619047619047619 0.8095238095238095
20 0.35 0.7 0.75 0.85
20 0.4 0.7 0.95 1.0
21 0.19047619047619047 0.6190476190476191 0.9523809523809523 0.9047619047619048
20 0.15 0.65 0.9 0.9
20 0.4 0.65 0.85 0.95
20 0.6 0.75 0.9 0.85
20 0.35 0.7 0.8 0.8
20 0.4 0.65 0.75 0.9
20 0.5 0.65 0.85 0.9
20 0.65 0.85 1.0 1.0
20 0.5 0.75 0.85 0.8
21 0.19047619047619047 0.42857142857142855 0.6190476190476191 0.7619047619047619
21 0.3333333333333333 0.5714285714285714 0.6666666666666666 0.8571428571428571
20 0.15 0.45 0.7 0.75
20 0.5 0.55 0.8 0.9
20 0.15 0.4 0.45 0.8
20 0.3 0.65 0.8 0.8
20 0.3 0.55 0.8 0.8
20 0.25 0.65 0.8 0.85
20 0.5 0.8 0.9 0.95
20 0.25 0.65 1.0 0.95
20 0.6 0.75 0.85 0.85
20 0.75 0.9 0.95 1.0
20 0.55 0.8 0.8 0.95
20 0.6 0.8 0.85 0.9
20 0.55 0.8 0.95 0.95
20 0.75 1.0 1.0 1.0
20 0.6 0.9 1.0 1.0
20 0.8 0.95 1.0 0.95
20 0.8 1.0 1.0 1.0
20 0.85 1.0 1.0 1.0
20 1.0 1.0 1.0 1.0
20 0.95 1.0 1.0 1.0
20 0.8 1.0 0.95 1.0
20 1.0 1.0 1.0 1.0
20 0.95 0.95 1.0 1.0
20 1.0 1.0 1.0 1.0
20 0.9 0.95 0.95 1.0
20 1.0 1.0 1.0 1.0
20 1.0 1.0 1.0 1.0
20 0.95 1.0 1.0 1.0
20 0.8 1.0 1.0 1.0
20 0.65 0.9 0.9 1.0
20 0.75 1.0 0.95 1.0
20 0.75 0.95 1.0 1.0
20 0.7 1.0 1.0 1.0
20 0.7 0.95 1.0 1.0
20 0.65 1.0 1.0 1.0
20 0.5 0.9 1.0 1.0
20 0.7 0.85 0.95 1.0
21 0.0 0.14285714285714285 0.2857142857142857 0.5238095238095238
20 0.15 0.3 0.55 0.5
20 0.35 0.6 0.6 0.8
20 0.65 0.8 0.9 0.9
