20 80.00 80.00 85.00 75.00
20 100.00 100.00 100.00 100.00
20 100.00 100.00 100.00 95.00
20 100.00 100.00 100.00 100.00
20 100.00 100.00 100.00 95.00
20 100.00 100.00 100.00 100.00
20 100.00 100.00 100.00 100.00
20 100.00 100.00 100.00 100.00
21 90.48 80.95 71.43 66.67
20 80.00 85.00 90.00 100.00
20 100.00 100.00 100.00 100.00
20 100.00 100.00 100.00 100.00
20 100.00 100.00 100.00 100.00
20 100.00 100.00 100.00 100.00
20 100.00 100.00 100.00 100.00
20 100.00 100.00 100.00 100.00
20 100.00 100.00 100.00 100.00
20 100.00 100.00 100.00 95.00
20 100.00 100.00 100.00 95.00
20 100.00 100.00 100.00 100.00
20 100.00 100.00 95.00 100.00
20 100.00 100.00 100.00 100.00
20 100.00 100.00 100.00 100.00
20 100.00 100.00 100.00 100.00
20 100.00 100.00 100.00 100.00
20 100.00 100.00 100.00 100.00
20 100.00 100.00 100.00 100.00
20 100.00 100.00 100.00 100.00
20 100.00 100.00 100.00 100.00
20 100.00 100.00 100.00 100.00
20 100.00 100.00 100.00 100.00
20 90.00 100.00 100.00 100.00
20 100.00 95.00 100.00 100.00
20 100.00 100.00 100.00 100.00
20 100.00 100.00 95.00 100.00
20 100.00 100.00 100.00 100.00
20 100.00 100.00 100.00 100.00
20 100.00 100.00 100.00 100.00
20 100.00 100.00 100.00 100.00
20 100.00 100.00 100.00 100.00
20 100.00 95.00 100.00 100.00
20 100.00 100.00 100.00 100.00
20 100.00 100.00 100.00 100.00
20 100.00 100.00 100.00 100.00
20 100.00 100.00 100.00 100.00
20 100.00 100.00 100.00 100.00
20 100.00 100.00 100.00 100.00
20 100.00 100.00 100.00 100.00
20 100.00 100.00 100.00 100.00
20 100.00 100.00 100.00 100.00
20 100.00 100.00 100.00 100.00
